0_0


Neg

116326   1
163756   2
18167    3
44959    4
12981    5
13337    6
6553     7
9039     8
17087    9
18142    10
10791    11
7160     12
383073   13
173109   14
62431    15
19796    16



10_0

Neg

435144  1
875722  2
29511   3
211035  4
42513   5
49521   6
13891   7
22630   8
8902    9
9541    10
6823    11
5381    12
74226   13
64984   14
30527   15
15799   16



20_0

Neg

301851  1
829880  2
28266   3
112083  4
151396  5
214680  6
23237   7
57628   8
5141    9
5473    10
4308    11
2940    12
24892   13
26862   14
14709   15
9673    16




30_0

Neg

69665   1
74945   2
14314   3
30043   4
332891  5
649645  6
26981   7
138881  8
2584    9
2531    10
2070    11
2151    12
9351    13
9573    14
5833    15
4622    16




40_0

Neg

24628        1
25680        2
9801         3
14050        4
256842       5
560669       6
22983        7
103692       8
1404         9
1346         10
1397         11
1227         12 
4591         13
5171         14
3876         15
2869         16




-10_0


Neg

41182	1
45157	2
12745	3
20024	4
7043	5
6479	6
3806	7
4779	8
54520	9
48583	10
23613	11
13052	12 
667996	13
308553	14
128626	15
24023	16




-20_0

Neg

13614	1
14416	2
6422	3
9358	4
2925	5
3069	6
2795	7
2379	8
353382	9
164174	10
58673	11
20048	12
222865	13
142157	14
51889	15
19460	16




-30_0

Neg

4198	1
4373	2
2476	3
3050	4
1265	5
1347	6
810	    7
999  	8
410585	9
180889	10
74520	11
14740	12
29299	13
26589	14
13392	15
7591	16





-40_0

Neg

4491	1
4022	2
2541	3
2934	4
1514	5
1198	6
970		7
1236	8
391656	9
187702	10
65034	11
21804	12
20809	13
21185	14
13565	15
8300	16


#!/usr/bin/env python
s = *your text*
s_l = s.split("\n")
s_l.sort(key=lambda s: int(s.split()[1]))
print(*s_l, sep="\n")